0.07715787246927543 0.22920221604363167 0.19019298463905826 0.5034469268480345
[0.71505068 0.11806587 0.         0.16688345] [0.         0.68378571 0.12112891 0.19508539] [0.         0.         0.85255448 0.14744552] [0.07488864 0.04238523 0.05566262 0.82706352]
[0.04896196 0.1560859  0.03336276 0.036723   0.00875824 0.06990927
 0.08609415 0.05148097 0.02151527 0.01784532 0.04786787 0.16079437
 0.02613213 0.01502841 0.05667364 0.06754338 0.03789456 0.00973399
 0.01609507 0.03149975 0.        ] [0.04501334 0.05163024 0.01323489 0.01376135 0.02068281 0.02468405
 0.02178909 0.03142468 0.01212157 0.05733214 0.33650036 0.01767418
 0.07082093 0.05522785 0.03391428 0.04028264 0.03803538 0.0131837
 0.01910114 0.08358538 0.        ] [0.22982114 0.06290925 0.01482934 0.02050577 0.02180292 0.0285631
 0.03547111 0.11120115 0.01281692 0.01836703 0.06646358 0.02350361
 0.02506827 0.01841494 0.06540851 0.11089368 0.04756522 0.01025314
 0.01157563 0.06456569 0.        ] [0.05660703 0.0840315  0.03169927 0.04319592 0.02443728 0.04130506
 0.05471579 0.08872636 0.02601969 0.03308745 0.09683126 0.03285753
 0.03724792 0.04261088 0.07667762 0.07247749 0.04708865 0.02175602
 0.02550485 0.06312241 0.        ]
