0.07533891182646037 0.22914272808997513 0.19778788019497742 0.49773047988858715
[0.71462715 0.11784674 0.         0.16752612] [0.         0.68136594 0.12224554 0.19638852] [0.         0.         0.85546099 0.14453901] [0.07451729 0.04188564 0.05611673 0.82748034]
[0.04850003 0.1543874  0.03255551 0.03703577 0.0086601  0.07210679
 0.08704878 0.05159516 0.02069634 0.01742012 0.04761507 0.16011364
 0.02481248 0.01658906 0.05317494 0.07017174 0.03938431 0.00947089
 0.01691642 0.03174545 0.        ] [0.04598722 0.05174096 0.01298526 0.01422378 0.02038068 0.02534244
 0.02265269 0.03289409 0.01127227 0.05481629 0.33630659 0.01874704
 0.07249573 0.05467672 0.03197054 0.04042601 0.03785664 0.01265638
 0.01857066 0.08399801 0.        ] [0.23328377 0.06025122 0.0147604  0.02146208 0.02199168 0.02966395
 0.03621305 0.11131307 0.01251335 0.01801296 0.06528554 0.0242125
 0.02459112 0.01845057 0.06545124 0.10849509 0.04802592 0.00927909
 0.01175948 0.06498391 0.        ] [0.0568336  0.08358701 0.03176398 0.04356852 0.02477324 0.04260768
 0.05432934 0.08908577 0.02520166 0.03294084 0.09628338 0.03321947
 0.0360687  0.04404939 0.07438896 0.07300264 0.04830513 0.02144434
 0.02600622 0.06254011 0.        ]
