0.07460137863267839 0.23346723168472233 0.195260932549391 0.4966704571332071
[0.71993443 0.1148817  0.         0.16518387] [0.         0.68488101 0.12192931 0.19318968] [0.         0.         0.85637572 0.14362428] [0.07517833 0.04208742 0.05674287 0.82599138]
[0.04916931 0.15287965 0.03395075 0.03655946 0.00858571 0.07230418
 0.08822131 0.05133409 0.02133886 0.01796178 0.04696612 0.16167069
 0.0237542  0.01535757 0.05635427 0.07005922 0.0374443  0.01021182
 0.01570154 0.03017517 0.        ] [0.04663726 0.05210293 0.01405661 0.01344113 0.02001428 0.02386423
 0.02226755 0.03154851 0.01185903 0.05545144 0.34513309 0.01757479
 0.07117593 0.05344423 0.03282463 0.04126698 0.03699206 0.01354457
 0.01853914 0.0782616  0.        ] [0.23366888 0.06060025 0.01516835 0.02049159 0.02074998 0.03007536
 0.03721433 0.11101073 0.0128286  0.0177097  0.06517374 0.02426027
 0.02399018 0.01806722 0.06602168 0.11259884 0.04732214 0.01028174
 0.01124452 0.06152188 0.        ] [0.05762539 0.0840008  0.03260586 0.04372106 0.02430744 0.04238513
 0.05597026 0.08727909 0.02603572 0.03249668 0.0972665  0.03299004
 0.03478033 0.04269957 0.07726901 0.07536516 0.04687169 0.0227824
 0.02494353 0.05860435 0.        ]
