0.07381060402528036 0.2338312178965934 0.19567227479302332 0.4966859032851023
[0.71719799 0.11662631 0.         0.16617571] [0.         0.68326071 0.12119653 0.19554277] [0.        0.        0.8544598 0.1455402] [0.07487729 0.04211409 0.05589604 0.82711257]
[0.05065837 0.15167954 0.03445384 0.03679922 0.00814096 0.0697212
 0.08723977 0.05082344 0.02185981 0.01801843 0.04814576 0.16466247
 0.02512212 0.01622639 0.05467242 0.06741198 0.03747621 0.01014745
 0.01595507 0.03078554 0.        ] [0.04604601 0.05085788 0.0137885  0.01417145 0.02010592 0.02511413
 0.02195691 0.0316523  0.0127239  0.05782851 0.33994326 0.01819687
 0.07186676 0.05380422 0.03446255 0.0393383  0.03621319 0.01351643
 0.01855278 0.07986012 0.        ] [0.23591336 0.06160578 0.01484258 0.02117603 0.02154461 0.03045422
 0.03703265 0.10990761 0.01315336 0.01864832 0.06613885 0.02454844
 0.02491527 0.01861434 0.06530428 0.1092748  0.04488578 0.01051701
 0.01041228 0.06111041 0.        ] [0.05743007 0.08361655 0.0330364  0.04361697 0.02483087 0.0424474
 0.05494907 0.08821408 0.02655206 0.03332706 0.09839712 0.03323972
 0.03643778 0.04340043 0.07581377 0.07141794 0.04645991 0.02204797
 0.02513744 0.05962739 0.        ]
